[gd_scene load_steps=15 format=3 uid="uid://d2cnv7v7huh3k"]

[ext_resource type="Script" path="res://scenes/tp_camera.gd" id="1_1suf5"]
[ext_resource type="Material" uid="uid://dvo75cymypytd" path="res://green.tres" id="1_ljfv3"]
[ext_resource type="Material" uid="uid://12bqh76svrfe" path="res://blue.tres" id="2_cp1av"]
[ext_resource type="Script" path="res://scenes/player.gd" id="3_1hidi"]
[ext_resource type="Script" path="res://scenes/wall.gd" id="4_x4eqr"]
[ext_resource type="PackedScene" uid="uid://buu3aq61omx1k" path="res://brick.tscn" id="5_nw2f7"]
[ext_resource type="PackedScene" uid="uid://befepfovlkdd0" path="res://scenes/Bullet.tscn" id="6_yg0tw"]

[sub_resource type="PlaneMesh" id="PlaneMesh_00q4b"]
size = Vector2(100, 100)

[sub_resource type="WorldBoundaryShape3D" id="WorldBoundaryShape3D_2v74l"]

[sub_resource type="BoxMesh" id="BoxMesh_dedr2"]

[sub_resource type="BoxShape3D" id="BoxShape3D_iw5m2"]

[sub_resource type="BoxMesh" id="BoxMesh_hkag8"]
size = Vector3(0.1, 0.1, 1)

[sub_resource type="BoxShape3D" id="BoxShape3D_ti7dv"]
size = Vector3(0.1, 0.1, 1)

[sub_resource type="Environment" id="Environment_po1jf"]

[node name="Root" type="Node3D"]

[node name="Camera3D" type="Camera3D" parent="." node_paths=PackedStringArray("target", "player")]
transform = Transform3D(1, 0, 0, 0, 0.903552, 0.428478, 0, -0.428478, 0.903552, 0, 3.55572, 5.79614)
script = ExtResource("1_1suf5")
target = NodePath("../Player/Marker3D")
player = NodePath("../Player")

[node name="DirectionalLight3D" type="DirectionalLight3D" parent="."]
transform = Transform3D(0.597812, 0.487615, 0.63628, -0.63207, 0.774911, 0, -0.493061, -0.402174, 0.771458, 0, 0, 0)

[node name="MeshInstance3D" type="MeshInstance3D" parent="."]

[node name="wall" type="Node3D" parent="."]
transform = Transform3D(0.470596, 0, 0.882349, 0, 1, 0, -0.882349, 0, 0.470596, 0, 1, -5.711)
script = ExtResource("4_x4eqr")
brick_scene = ExtResource("5_nw2f7")

[node name="StaticBody3D" type="StaticBody3D" parent="."]

[node name="ground" type="MeshInstance3D" parent="StaticBody3D"]
material_override = ExtResource("1_ljfv3")
mesh = SubResource("PlaneMesh_00q4b")
skeleton = NodePath("../..")

[node name="CollisionShape3D" type="CollisionShape3D" parent="StaticBody3D"]
shape = SubResource("WorldBoundaryShape3D_2v74l")

[node name="Player" type="CharacterBody3D" parent="." node_paths=PackedStringArray("bullet_target")]
transform = Transform3D(1, 0, 0, 0, 1, 0, 0, 0, 1, 0, 0.701484, 0)
script = ExtResource("3_1hidi")
Bullet_Scene = ExtResource("6_yg0tw")
bullet_target = NodePath("BulletSpawn")

[node name="player" type="MeshInstance3D" parent="Player"]
material_override = ExtResource("2_cp1av")
mesh = SubResource("BoxMesh_dedr2")
skeleton = NodePath("../..")

[node name="CollisionShape3D" type="CollisionShape3D" parent="Player"]
transform = Transform3D(1, 0, 0, 0, 1, 0, 0, 0, 1, 0, 0.00698602, 0)
shape = SubResource("BoxShape3D_iw5m2")

[node name="Marker3D" type="Marker3D" parent="Player"]
transform = Transform3D(-0.972929, 0, 0.231103, 0, 1, 0, -0.231103, 0, -0.972929, 0.474178, 1.89543, -7.34937)

[node name="StaticBody3D" type="StaticBody3D" parent="Player"]
transform = Transform3D(1, 0, 0, 0, 1, 0, 0, 0, 1, 0, 0.392587, 0.532526)

[node name="MeshInstance3D" type="MeshInstance3D" parent="Player/StaticBody3D"]
mesh = SubResource("BoxMesh_hkag8")

[node name="CollisionShape3D" type="CollisionShape3D" parent="Player/StaticBody3D"]
shape = SubResource("BoxShape3D_ti7dv")

[node name="BulletSpawn" type="Marker3D" parent="Player"]
transform = Transform3D(1, 0, 0, 0, 1, 0, 0, 0, 1, 0, 0.398824, 1.57931)

[node name="WorldEnvironment" type="WorldEnvironment" parent="."]
environment = SubResource("Environment_po1jf")
